1.079399
-0.452059
2.577418
-2.704311
0.268018
9.044595
8.323901
2.714235
4.345939
-7.167949
2.139378
-9.673989
-5.142265
-7.255368
6.083535
-6.866418
-1.981112
-7.404191
-7.823824
9.978490
-5.634862
0.258648
6.782245
2.252797
-4.079368
2.751045
0.485744
-0.128340
9.455500
-4.149664
5.427154
0.534900
5.398277
-1.995428
7.830589
-4.333705
-2.950833
6.154490
8.380529
-8.604894
8.986542
0.519907
-8.278883
-6.155723
3.264539
7.804652
-3.022141
-8.716574
-9.599539
-0.845965
-8.738083
-5.234401
9.412683
8.044161
7.018396
-4.666685
0.795207
-2.495860
5.204975
0.250707
3.354475
0.632129
-9.214393
-1.247248
8.636701
8.616196
4.419047
-4.314132
4.770686
2.799576
-2.919026
3.757228
-6.680517
-1.197909
7.601505
6.584022
-3.393257
-5.420637
7.867448
-2.992796
3.733398
9.129365
1.772803
3.146081
7.173527
-1.208802
8.479396
-2.031267
6.295338
3.684371
8.219441
-0.350187
-5.683501
9.005047
8.402565
-7.046800
7.621243
2.821612
-1.360932
2.391930
-4.378812
5.720042
-3.850843
-1.059328
-5.477867
-6.249338
-4.475307
1.128875
-1.669974
-6.607858
8.136079
-7.936576
-7.478493
-0.091119
5.209505
9.695033
8.700080
3.688900
-2.336233
4.995418
-2.626729
-4.116793
-5.354769
1.689770
-5.111745
-6.952204
4.642970
-7.490502
5.869408
-6.717961
4.901428
-8.509404
9.002081
-8.949415
0.431268
-6.475787
-5.198753
5.955961
4.653088
3.131273
9.348103
2.789167
5.194697
-8.130390
-7.301952
0.404201
-8.435357
-8.601872
-5.906898
-0.771591
6.393546
1.466373
5.111617
-8.961224
-6.843857
9.999871
-5.913428
7.799113
-7.490630
9.955980
-8.918848
7.410797
-8.553424
-9.916768
8.461383
1.877844
-6.392555
-6.737370
-2.166195
8.260534
6.393903
-2.818093
1.049700
1.588600
-0.948483
3.747749
-8.007199
0.616160
5.145877
-3.914097
9.844569
1.539422
7.552276
4.956186
2.578199
-9.291582
4.956057
6.664771
8.507531
7.465427
6.620751
9.588683
4.876224
8.067327
9.671915
3.337607
-0.054830
-6.720640
6.600237
7.778975
-8.460106
2.994140
-5.039118
2.589594
-5.417260
4.012399
-3.662657
-3.424459
-5.371441
-8.516781
2.661444
-5.526872
3.022642
0.213719
9.429314
-4.399160
0.922138
4.385372
-7.734389
-0.570331
1.850798
8.886362
-0.981649
-3.272977
6.953689
-1.309734
-9.935371
-3.101141
1.969626
6.664866
-5.322166
3.509520
-0.340994
-0.361284
-3.900886
4.241745
-6.348884
2.436456
-9.182714
-1.720325
3.919676
3.478730
2.752803
-3.057683
-6.307551
2.182117
2.543158
4.614587
-3.432511
4.808769
-5.955745
8.418287
3.695131
3.062607
-4.854690
0.648819
-8.247127
-4.790061
7.547679
3.722499
-8.125195
-7.774487
-2.767982
1.533810
1.864229
3.331132
-4.224444
5.515345
-4.232412
-3.407158
-6.204980
9.687264
-9.928429
6.547823
-3.370418
-6.235979
-1.270060
9.172739
8.378608
5.297429
3.981508
-7.577137
3.715716
-2.323361
5.485470
8.861025
8.325458
7.238342
-5.929036
5.873137
0.960841
-4.054231
8.098649
8.192859
7.479579
-0.037121
1.523991
-6.744865
-4.521777
7.291579
-0.152024
-0.726757
6.978843
-0.080452
-4.178934
-6.391575
3.683569
4.551006
-7.218836
2.062177
-0.151566
6.762672
4.485040
-6.435850
-5.560689
-0.029490
-7.574824
-7.235231
-2.791148
-3.503860
8.637906
8.169693
2.441909
6.736555
6.362552
-0.078512
-3.300566
-2.113457
3.176623
2.177657
-4.821878
-6.975400
-8.549100
-7.843034
2.944148
-2.728034
-4.234610
-3.372284
-8.177028
-1.453446
8.689893
1.671406
-4.690774
3.174933
5.235556
-0.251463
-6.854558
7.660732
2.513306
0.354294
-5.843128
1.151212
-1.476012
6.598781
-2.112232
-5.113460
-3.479731
4.587201
2.773083
9.696893
-3.235141
7.951205
-7.278508
-1.784241
-9.891829
5.665640
5.487725
-4.126439
-7.706644
7.310696
4.420116
-9.016751
-1.017898
9.729342
4.158182
-5.782342
-0.522120
7.303624
-8.121610
-8.008814
-2.342081
-3.964738
3.142398
6.181906
-7.365957
-8.969834
-8.931554
-0.845688
5.617367
3.841529
-1.148795
-7.617774
1.792734
1.572697
0.597984
1.900905
-2.761663
-3.914291
7.774467
-0.468307
-6.603595
2.194582
0.514942
2.378508
1.923925
-5.326876
6.596166
-8.598196
-8.023252
8.474556
-6.607010
-0.365333
-5.490182
6.535388
-4.183427
-2.856139
7.565554
-3.114981
6.298173
3.182921
-9.273452
-4.850622
5.565147
2.519282
6.722075
-3.836869
-5.579813
-6.039588
2.248840
-7.805346
3.492105
5.645245
4.389236
-5.992953
-1.976247
-3.686839
-1.319829
-5.380081
-2.285035
0.656920
-6.905525
1.107955
-9.708413
-2.395707
-2.356657
-3.891840
4.748155
-4.791103
2.993179
1.046328
8.391818
3.719727
6.195706
3.956964
-3.760991
2.917781
-9.879905
0.659197
6.878193
2.368936
2.853851
0.370298
-1.985819
-2.756913
4.377345
6.037934
3.556247
-6.942484
-9.342147
-8.728788
3.714436
-6.247672
2.379167
4.006023
1.356622
-9.977490
-9.885817
-3.895224
-4.768594
3.107362
7.151104
-6.376776
-3.172911
3.346810
7.580189
3.066099
-3.735409
7.700284
-6.274704
-6.857216
0.069220
6.579146
3.513081
8.083401
-6.177767
-2.109574
4.121335
7.378480
0.947942
4.779188
8.649692
-5.337622
8.531516
1.028859
8.668400
-0.111862
1.051368
8.782583
5.992914
6.282775
1.889945
3.144018
9.905999
8.717035
-3.509172
7.486188
1.783134
2.755419
5.186472
5.508429
5.898203
-4.744308
2.087575
-0.588716
-6.660908
5.909808
7.301710
7.460427
3.288288
-1.750348
2.239614
1.937980
2.912030
0.771130
-7.033161
1.580430
-9.340732
4.018207
0.363013
6.652182
0.300982
-7.747041
-0.203800
0.206981
-9.030006
6.287028
-2.306832
2.753127
-0.957552
-7.120360
-1.738443
-5.059349
-1.864669
-9.650868
4.351935
1.474424
6.258940
1.653645
-1.065150
-0.452772
9.903297
-8.825535
-8.514791
2.815327
1.945595
-5.547953
-5.604243
2.604863
8.470254
4.758770
-0.742955
-1.228764
7.011729
9.053245
8.978216
7.981723
5.340273
-3.328615
0.734850
-5.617279
-0.448975
8.996407
-0.676628
7.686356
9.345539
-6.324693
-0.839220
5.604479
5.328952
8.095630
-4.848293
5.232249
9.270095
-3.363084
-1.952425
1.215690
1.088963
2.443332
-6.179447
-0.440782
-2.797898
3.077598
8.330454
-5.786169
2.130843
7.308670
-7.804446
-2.528883
-6.019945
2.930404
1.853838
3.531079
1.926810
-8.822790
1.217435
1.272349
-5.147483
-9.621785
-3.123172
-9.818531
8.473845
2.028535
5.413718
7.743940
8.665451
-6.538707
-1.040369
-0.245586
5.904625
2.780184
9.313632
-6.893272
-4.142218
7.644085
-2.679441
7.988626
4.952755
-0.483887
-4.540258
8.932810
-7.553484
7.313580
2.463889
4.373326
8.490790
-6.318676
-4.354325
-6.656693
-5.940460
2.522503
-6.475224
-7.466615
-5.448962
8.938493
-9.722675
-6.783512
-7.600214
-0.763044
2.970902
8.304412
-7.982860
2.284534
-8.588861
-2.125078
-0.071381
-1.268302
-4.136453
-5.118626
8.247811
1.323290
-6.185816
-9.305673
-1.363130
6.278073
5.067654
-2.872340
9.959398
-9.286671
0.470968
-5.981063
3.235832
3.995743
-3.447678
7.786869
2.934237
-3.170353
-8.996642
5.334023
6.066603
3.974260
3.638435
8.083743
-3.741206
5.049574
-4.041335
6.187414
-6.218728
1.822212
-8.931212
-7.970917
-6.854498
-5.117028
-7.276590
1.782372
-8.838954
7.791064
8.910033
-8.879556
8.504393
-0.619000
-4.860619
1.740224
-6.623257
1.691703
-0.472907
6.310980
8.521351
0.530451
1.645003
4.587954
-5.495289
-4.716562
2.671697
0.763506
-9.666988
8.630361
-3.049081
-5.885716
0.452573
-1.980293
-3.856633
3.598075
2.902679
-1.133223
-4.619553
4.063725
-3.342159
-5.709520
5.184168
-4.837767
3.671480
-9.676450
6.902458
7.048223
2.015253
-3.570449
3.359203
0.536604
6.960002
-4.995794
-4.875442
-8.535287
0.287644
7.796254
2.228219
0.620655
6.426616
9.179138
4.734939
-3.120811
-2.801155
-9.121694
-9.522736
-9.898476
-0.254917
